256	256
20
132.7236826680877	107.83035714285714	180.4472829965269	107.83035714285714	4	3
98.93695887445887	31.24548133715658	132.73618259096574	31.24548133715658	0	2
98.93695887445887	31.24548133715658	98.93695887445887	48.64694894146949	2	0
180.4472829965269	31.24548133715658	180.4472829965269	67.86842105263159	0	4
132.73618259096574	31.24548133715658	180.4472829965269	31.24548133715658	0	4
103.64096244131456	101.31796338672768	132.7236826680877	101.31796338672768	2	3
87.09852498457464	48.64694894146949	98.93695887445887	48.64694894146949	0	2
132.73618259096574	31.24548133715658	132.7236826680877	67.86842105263159	4	2
103.64096244131456	101.31796338672768	103.64096244131456	136.09033511413307	3	6
87.09852498457464	48.64694894146949	87.09852498457464	101.31796338672768	2	0
180.4472829965269	67.86842105263159	180.4472829965269	107.83035714285714	0	4
132.7236826680877	101.31796338672768	132.7236826680877	107.83035714285714	4	3
180.4472829965269	107.83035714285714	180.4472829965269	189.69003496503495	0	3
132.7236826680877	67.86842105263159	180.4472829965269	67.86842105263159	4	4
87.09852498457464	101.31796338672768	103.64096244131456	101.31796338672768	2	6
87.09852498457464	136.09033511413307	103.64096244131456	136.09033511413307	6	3
87.09852498457464	189.69003496503495	180.4472829965269	189.69003496503495	3	0
132.7236826680877	67.86842105263159	132.7236826680877	101.31796338672768	4	2
87.09852498457464	101.31796338672768	87.09852498457464	136.09033511413307	6	0
87.09852498457464	136.09033511413307	87.09852498457464	189.69003496503495	3	0
132.0	72.44444444444444	132.0	91.23529411764706	door	1	1
108.73809523809524	101.0	127.98611111111111	101.0	door	1	1
108	31.0	131	31.0	door	1	1
131	67.0	154	67.0	door	1	1
103.0	100	103.0	133	door	1	1
107	189.0	164	189.0	door	1	1
158	33	177	66	toilet	1	1
165	68	178	87	cooking_counter	1	1
162	90	178	106	cooking_counter	1	1
89	63	104	99	entrance	1	1
139	100	149	106	door	1	1
106	32	131	48	washing_basin	1	1
90	50	103	62	cooking_counter	1	1
138	91	149	98	cooking_counter	1	1
